11111111111111111111111111111111111111111111111111111111111111111111111111111111111111111111111111111111111111111111111111111111111111111111111111111111111111
11111111111111111111111111111111111111111111111111111111111111111111111111111111111111111111111111111111111111111111111111111111111111111111111111111111111111
11111111111111111111111111111111111111111111111111111111111111111111111111111111111111111111111111111111111111111111111111111111111111111111111111111111111111
11111111111111111111111111111111111111111111111111111111111111111111111111111111111111111111111111111111111111111111111111111111111111111111111111111111111111
11111111111111111111111111111111111111111111111110001111111111111111111111111111111111111111111111111111111111111111111111111111111111111111111111111111111111
11111111111111111111111111111111111111111111111101000011111111111111111111111111111111111111111111111111111111111111111111111111111111111111111111111111111111
11111111111111111111111111111111111111111111111110101001111111111111111111111111111111111111111111111111111111111111111111111111111111111111111111111111111111
11111111111111111111111111111111111110000000000000000000000111111111111111111111111111111110000111111111111111111111111111111111111111111111111111111111111111
11111111111111111111111111110000000011110001000000110000010011111111111111111111111111111110100111111111111111111111111111111111111111111111111111111111111111
11111111111111111111111110001111111100000000000000000000000011111111111111111111111111111110000000111111111111111111111111111111111111111111111111111111111111
11111111111111111111110000000000000011100000000011101111000011111111111100000000000000000000000000000000011111111111111111111111111111111111111111111111111111
11111111111111111111111100000000000000000001111000000000000011111100000011111000000000000000111000010000000111111111111111111111111111111111111111111111111111
11111111111111111111111111110001100001111110000000011111000011100000000000000000000111111111000111110000000111111111111111111111111111111111111111111111111111
11111111111111111111111111111100000000000000000000000000000011011111111111001111111100000000011000010000011111111111111111111111111111111111111111111111111111
11111111111111111111111111111111111100011111111000001111000000111111111110011111111100000000000000011111111111111111111111111111111111111111111111111111111111
11111111111111111111111111111111111100011111111100100000000000111111111100111111111111111111001111111111111111111111111111111111111111111111111111111111111111
11111111111111111111111111111111111100001111111110000011111000111111111000111111111111111110001111111111111111111111111111111111111111111111111111111111111111
11111111111111111111111111111111111111111111111110000000000001001111111001111111111111111111111111111111111111111111111111111111111111111111111111111111111111
11111111111111111111111111111111111100000000000000000000000000000000000000000000000011111111111111111111111111111111111111111111111111111111111111111111111111
11111111111111111111111111111110000000000010000100000011111111111111111111111111111110000111111111111111111111111111111111111111111111111111111111111111111111
11111111111111111111111111100001100000000000000000000011111111111111111111111111111111111100011111111111111111111111111111111111111111111111111111111111111111
11111111111111111111111000011110000000000000000111100001111111111111111111111111111111111111110001111111111111111111111111111111111111111111111111111111111111
11111111111111111111110000111100000000000000001111100001111111111111111111111111111111111111111111000111111111111111111111111111111111111111111111111111111111
11111111111111111111001111110000000000011111000000000000111111110000000000000000000000000000000000000000000000111111111111111111111111111111111111111111111111
11111111111111111111011000111100000000011001001110001000111000000000000000001111111111111111111111111111110000111000000011111111111111111111111111111111111111
11111111111111111110000000001100100000001000010110000000000000111111111111111111111111111110111111110111111111100000000110000000011111111111111111111111111111
11111111111111111110001000000000100000101101010110001111111000000000011110000011111111111111111111111111111111111111111110000000111000000011111111111111111111
11111111111111111111000111000000000000001101010011011111111111111000001000001110000011111111111111111111111111111111111111110000000001111110000111111111111111
11111111111111111111000000000100000000000101001010011111111111111111111100000000000110000011111111111111111100000000000111111110000000000001110011111111111111
11111111111111111111100000000110000000001000111100001111110011111100011111111110000110001110001110000001111111111111000000000000000000001101110001111111111111
11111111111111111111100000000011001100000001011000000000000000000011100111111111111110000000001111111100000000000000000000000000000000000000001100111111111111
11111111111111111111100000000001100110000011100001100000001111111000011011111111111111100111100000000100111111000000000000000000000000001000000000011111111111
11111111111111111111110000000000000000000000000001111110011111110000000000011111111111101111111011111100111111000000000000000000000000000000011010111111111111
11111111111111111111110000010100000010000011000001111110011100000000100000001000000111001111111011111100000000000000000000000000111111111100000001111111111111
11111111111111111111011000000111100110000110000001111110011000111100000000000000000100000000111000000000000110000000000011011111111111100000001101111111101111
11111111111111111111111100001110001111111100011110000110010010000001000001111110000000000000000000000000000000000111111111111110000000011011111111111111111111
11111111111111111111111111111111111111111111111001111110010000000000000000111111111110011111110000111110111110110111111100000001111100011001111111111111111111
11111111111111111111111111111111111111111111111111100011100100000000000000011111111111011111111111111110000010000000000011111110000000000001111111111111111111
11111111111111111111111111111111111111111111111111111111000000000000001001011111111111001111111111110000000000011111111000000110000011111111111111111111111111
11111111111111111111111111111111111111111111111111111111110000000000000001000000000000000000000000000000011111111000001100000111111111111111111111111111111111
11111110000001111111111111111111111111111111111111111111110000000000000000101101111111111111111111111100111000001100000111111111111111111111111111111111111111
11111100001000011111111111111111111111111111111111111111111000000000000000110010000000011111111111000000011100001111111111111111111111111111111111111111111111
11111000000000001111111111111111111111111111111111111111111000000000000001111110000000111110001111111000001111111111111111111111111111111111111111111111111111
11111000000000011111111111111111111111111111111111111111111101000000000001111100111111111110000000011111111111111111111111111111111111111111111111111111111111
11111100000000111111111111111111111111111111111111111111111110010000000011111101111111111111111111111111111111111111111111111111111111111111111111111111111111
11101111111111111111011111111011111111011111111011111111011111100000000111110011110111111110111111110111111110111111111111011111111111111111111101111111101111
11111111111111111111111111111111111111111111111111111111111111111000000000011111111111111111111111111111111111111111111111111111111111111111111111111111111111
11111111111111111111111111111111111111111111111111111111111111111111111111111111111111111111111111111111111111111111111111111111111111111111111111111111111111
11111111111111111111111111111111111111111111111111111111111111111111111111111111111111111111111111111111111111111111111111111111111111111111111111111111111111
11111111111111111111111111111111111111111111111111111111111111111111111111111111111111111111111111111111111111111111111111111111111111111111111111111111111111
